1.005080566406250000e+02,9.996681213378906250e+01,9.972081756591796875e+01,1.001763839721679688e+02,9.913194274902343750e+01,9.934758758544921875e+01,1.000068588256835938e+02,9.996236419677734375e+01,1.004575347900390625e+02,9.949522399902343750e+01,9.996681213378906250e+01,1.997260742187500000e+02,2.003328247070312500e+02,1.998052062988281250e+02,2.007255249023437500e+02,1.991379852294921875e+02,1.995760345458984375e+02,1.998253326416015625e+02,2.002379302978515625e+02,1.995045928955078125e+02,9.972081756591796875e+01,2.003328247070312500e+02,2.992239685058593750e+02,3.001471557617187500e+02,3.003812561035156250e+02,3.003542175292968750e+02,3.001473999023437500e+02,3.003996887207031250e+02,3.004660949707031250e+02,3.005073547363281250e+02,1.001763839721679688e+02,1.998052062988281250e+02,3.001471557617187500e+02,3.975204162597656250e+02,4.012081298828125000e+02,4.003718566894531250e+02,3.993234863281250000e+02,4.003052673339843750e+02,4.000349121093750000e+02,3.997229919433593750e+02,9.913194274902343750e+01,2.007255249023437500e+02,3.003812561035156250e+02,4.012081298828125000e+02,5.004074096679687500e+02,4.996858825683593750e+02,4.999844665527343750e+02,5.001629638671875000e+02,4.997496948242187500e+02,4.996154785156250000e+02,9.934758758544921875e+01,1.991379852294921875e+02,3.003542175292968750e+02,4.003718566894531250e+02,4.996858825683593750e+02,6.001109619140625000e+02,6.000670166015625000e+02,5.999191284179687500e+02,5.994308471679687500e+02,5.997272338867187500e+02,1.000068588256835938e+02,1.995760345458984375e+02,3.001473999023437500e+02,3.993234863281250000e+02,4.999844665527343750e+02,6.000670166015625000e+02,7.001793823242187500e+02,6.992565307617187500e+02,7.001220092773437500e+02,7.003170776367187500e+02,9.996236419677734375e+01,1.998253326416015625e+02,3.003996887207031250e+02,4.003052673339843750e+02,5.001629638671875000e+02,5.999191284179687500e+02,6.992565307617187500e+02,8.007501831054687500e+02,7.989972534179687500e+02,7.999023437500000000e+02,1.004575347900390625e+02,2.002379302978515625e+02,3.004660949707031250e+02,4.000349121093750000e+02,4.997496948242187500e+02,5.994308471679687500e+02,7.001220092773437500e+02,7.989972534179687500e+02,9.003816528320312500e+02,9.002673339843750000e+02,9.949522399902343750e+01,1.995045928955078125e+02,3.005073547363281250e+02,3.997229919433593750e+02,4.996154785156250000e+02,5.997272338867187500e+02,7.003170776367187500e+02,7.999023437500000000e+02,9.002673339843750000e+02,1.000289978027343750e+03
1.001674575805664062e+02,9.964702606201171875e+01,9.996859741210937500e+01,9.943294525146484375e+01,9.938999176025390625e+01,9.896451568603515625e+01,9.983216857910156250e+01,1.011875305175781250e+02,9.885009765625000000e+01,1.005793609619140625e+02,9.964702606201171875e+01,2.000863037109375000e+02,2.004835510253906250e+02,1.984734954833984375e+02,2.000594787597656250e+02,1.989025115966796875e+02,2.004345245361328125e+02,1.993948364257812500e+02,2.001343688964843750e+02,2.007285766601562500e+02,9.996859741210937500e+01,2.004835510253906250e+02,3.008899841308593750e+02,2.987921142578125000e+02,3.000852355957031250e+02,3.004946594238281250e+02,2.999033508300781250e+02,2.998441772460937500e+02,3.001587219238281250e+02,2.999313354492187500e+02,9.943294525146484375e+01,1.984734954833984375e+02,2.987921142578125000e+02,3.998518371582031250e+02,3.995393676757812500e+02,3.994460449218750000e+02,4.003459167480468750e+02,4.003412170410156250e+02,4.005235900878906250e+02,3.999740905761718750e+02,9.938999176025390625e+01,2.000594787597656250e+02,3.000852355957031250e+02,3.995393676757812500e+02,5.006326904296875000e+02,5.002678527832031250e+02,5.002839965820312500e+02,4.992983093261718750e+02,5.002177429199218750e+02,4.999737243652343750e+02,9.896451568603515625e+01,1.989025115966796875e+02,3.004946594238281250e+02,3.994460449218750000e+02,5.002678527832031250e+02,6.000305786132812500e+02,6.004904785156250000e+02,6.005057983398437500e+02,6.005228271484375000e+02,6.000181274414062500e+02,9.983216857910156250e+01,2.004345245361328125e+02,2.999033508300781250e+02,4.003459167480468750e+02,5.002839965820312500e+02,6.004904785156250000e+02,7.003743286132812500e+02,7.009474487304687500e+02,6.991763916015625000e+02,7.004210815429687500e+02,1.011875305175781250e+02,1.993948364257812500e+02,2.998441772460937500e+02,4.003412170410156250e+02,4.992983093261718750e+02,6.005057983398437500e+02,7.009474487304687500e+02,7.997858276367187500e+02,8.006385498046875000e+02,7.997403564453125000e+02,9.885009765625000000e+01,2.001343688964843750e+02,3.001587219238281250e+02,4.005235900878906250e+02,5.002177429199218750e+02,6.005228271484375000e+02,6.991763916015625000e+02,8.006385498046875000e+02,8.985573730468750000e+02,9.005548706054687500e+02,1.005793609619140625e+02,2.007285766601562500e+02,2.999313354492187500e+02,3.999740905761718750e+02,4.999737243652343750e+02,6.000181274414062500e+02,7.004210815429687500e+02,7.997403564453125000e+02,9.005548706054687500e+02,9.998278808593750000e+02
9.976612091064453125e+01,1.000739974975585938e+02,1.001987228393554688e+02,9.962673950195312500e+01,1.008287963867187500e+02,9.929679107666015625e+01,1.008340148925781250e+02,9.902451324462890625e+01,9.959301757812500000e+01,1.003251876831054688e+02,1.000739974975585938e+02,1.998565826416015625e+02,1.996287994384765625e+02,2.005754394531250000e+02,2.004509582519531250e+02,1.997300109863281250e+02,2.002268066406250000e+02,2.001682586669921875e+02,2.005375213623046875e+02,2.003758544921875000e+02,1.001987228393554688e+02,1.996287994384765625e+02,2.994657287597656250e+02,2.999148559570312500e+02,2.996200256347656250e+02,3.006995849609375000e+02,3.011185302734375000e+02,3.004078674316406250e+02,2.997245178222656250e+02,3.005745849609375000e+02,9.962673950195312500e+01,2.005754394531250000e+02,2.999148559570312500e+02,3.992025146484375000e+02,3.996200561523437500e+02,4.008434448242187500e+02,3.997343750000000000e+02,3.998435974121093750e+02,4.003705749511718750e+02,3.997174987792968750e+02,1.008287963867187500e+02,2.004509582519531250e+02,2.996200256347656250e+02,3.996200561523437500e+02,5.010050659179687500e+02,5.001753234863281250e+02,5.006828613281250000e+02,5.003704833984375000e+02,5.000022888183593750e+02,5.001023254394531250e+02,9.929679107666015625e+01,1.997300109863281250e+02,3.006995849609375000e+02,4.008434448242187500e+02,5.001753234863281250e+02,6.008128662109375000e+02,6.005198364257812500e+02,6.002280883789062500e+02,5.997523803710937500e+02,5.995715332031250000e+02,1.008340148925781250e+02,2.002268066406250000e+02,3.011185302734375000e+02,3.997343750000000000e+02,5.006828613281250000e+02,6.005198364257812500e+02,7.013439331054687500e+02,6.991394042968750000e+02,6.997442626953125000e+02,6.998555297851562500e+02,9.902451324462890625e+01,2.001682586669921875e+02,3.004078674316406250e+02,3.998435974121093750e+02,5.003704833984375000e+02,6.002280883789062500e+02,6.991394042968750000e+02,8.000762329101562500e+02,7.999230957031250000e+02,7.999466552734375000e+02,9.959301757812500000e+01,2.005375213623046875e+02,2.997245178222656250e+02,4.003705749511718750e+02,5.000022888183593750e+02,5.997523803710937500e+02,6.997442626953125000e+02,7.999230957031250000e+02,8.987947998046875000e+02,8.991278686523437500e+02,1.003251876831054688e+02,2.003758544921875000e+02,3.005745849609375000e+02,3.997174987792968750e+02,5.001023254394531250e+02,5.995715332031250000e+02,6.998555297851562500e+02,7.999466552734375000e+02,8.991278686523437500e+02,9.989430541992187500e+02
9.922174072265625000e+01,1.003896560668945312e+02,9.929824066162109375e+01,9.982611846923828125e+01,9.952833557128906250e+01,1.004997711181640625e+02,1.005686492919921875e+02,9.893206024169921875e+01,9.997875213623046875e+01,1.007639617919921875e+02,1.003896560668945312e+02,2.000741577148437500e+02,2.002517089843750000e+02,2.002460784912109375e+02,2.003390045166015625e+02,1.996315307617187500e+02,2.007474822998046875e+02,2.010462036132812500e+02,2.000547332763671875e+02,1.999947662353515625e+02,9.929824066162109375e+01,2.002517089843750000e+02,2.997434997558593750e+02,3.000238647460937500e+02,2.998804931640625000e+02,2.996199645996093750e+02,3.008104858398437500e+02,2.991156616210937500e+02,3.000971069335937500e+02,2.995004272460937500e+02,9.982611846923828125e+01,2.002460784912109375e+02,3.000238647460937500e+02,4.002239685058593750e+02,3.997885437011718750e+02,4.004794616699218750e+02,4.009865722656250000e+02,3.999185485839843750e+02,4.002539062500000000e+02,3.997070922851562500e+02,9.952833557128906250e+01,2.003390045166015625e+02,2.998804931640625000e+02,3.997885437011718750e+02,5.006538696289062500e+02,4.996225891113281250e+02,4.998789367675781250e+02,4.998641357421875000e+02,5.003783874511718750e+02,5.000983276367187500e+02,1.004997711181640625e+02,1.996315307617187500e+02,2.996199645996093750e+02,4.004794616699218750e+02,4.996225891113281250e+02,5.994496459960937500e+02,5.998359985351562500e+02,6.006824340820312500e+02,6.005711059570312500e+02,6.002465209960937500e+02,1.005686492919921875e+02,2.007474822998046875e+02,3.008104858398437500e+02,4.009865722656250000e+02,4.998789367675781250e+02,5.998359985351562500e+02,7.006033325195312500e+02,7.007016601562500000e+02,7.005984497070312500e+02,7.012284545898437500e+02,9.893206024169921875e+01,2.010462036132812500e+02,2.991156616210937500e+02,3.999185485839843750e+02,4.998641357421875000e+02,6.006824340820312500e+02,7.007016601562500000e+02,7.989736938476562500e+02,8.001620483398437500e+02,8.001077270507812500e+02,9.997875213623046875e+01,2.000547332763671875e+02,3.000971069335937500e+02,4.002539062500000000e+02,5.003783874511718750e+02,6.005711059570312500e+02,7.005984497070312500e+02,8.001620483398437500e+02,9.005925292968750000e+02,9.000116577148437500e+02,1.007639617919921875e+02,1.999947662353515625e+02,2.995004272460937500e+02,3.997070922851562500e+02,5.000983276367187500e+02,6.002465209960937500e+02,7.012284545898437500e+02,8.001077270507812500e+02,9.000116577148437500e+02,9.979074707031250000e+02
9.972863769531250000e+01,1.001168746948242188e+02,1.000577697753906250e+02,1.001822052001953125e+02,1.005033950805664062e+02,1.006397094726562500e+02,1.007067642211914062e+02,1.000064315795898438e+02,9.966748046875000000e+01,1.004685516357421875e+02,1.001168746948242188e+02,2.010250244140625000e+02,1.999452362060546875e+02,1.995968475341796875e+02,1.999107666015625000e+02,2.009960784912109375e+02,1.994300994873046875e+02,1.995213317871093750e+02,2.006314849853515625e+02,1.999638977050781250e+02,1.000577697753906250e+02,1.999452362060546875e+02,3.002250366210937500e+02,3.000395507812500000e+02,3.003737792968750000e+02,2.997453002929687500e+02,3.006600341796875000e+02,3.003951416015625000e+02,2.997840576171875000e+02,2.999422607421875000e+02,1.001822052001953125e+02,1.995968475341796875e+02,3.000395507812500000e+02,4.004562072753906250e+02,4.001276245117187500e+02,3.994462890625000000e+02,3.997853698730468750e+02,3.994447021484375000e+02,3.991248779296875000e+02,3.997802124023437500e+02,1.005033950805664062e+02,1.999107666015625000e+02,3.003737792968750000e+02,4.001276245117187500e+02,4.999574584960937500e+02,5.000731506347656250e+02,4.999208374023437500e+02,5.004164733886718750e+02,5.005109252929687500e+02,4.995159606933593750e+02,1.006397094726562500e+02,2.009960784912109375e+02,2.997453002929687500e+02,3.994462890625000000e+02,5.000731506347656250e+02,6.003034667968750000e+02,6.008439941406250000e+02,5.996227416992187500e+02,6.000214233398437500e+02,5.998537597656250000e+02,1.007067642211914062e+02,1.994300994873046875e+02,3.006600341796875000e+02,3.997853698730468750e+02,4.999208374023437500e+02,6.008439941406250000e+02,7.002832031250000000e+02,6.997763061523437500e+02,6.990664672851562500e+02,6.998754882812500000e+02,1.000064315795898438e+02,1.995213317871093750e+02,3.003951416015625000e+02,3.994447021484375000e+02,5.004164733886718750e+02,5.996227416992187500e+02,6.997763061523437500e+02,7.994914550781250000e+02,8.009667968750000000e+02,8.004566040039062500e+02,9.966748046875000000e+01,2.006314849853515625e+02,2.997840576171875000e+02,3.991248779296875000e+02,5.005109252929687500e+02,6.000214233398437500e+02,6.990664672851562500e+02,8.009667968750000000e+02,8.999481201171875000e+02,9.002731933593750000e+02,1.004685516357421875e+02,1.999638977050781250e+02,2.999422607421875000e+02,3.997802124023437500e+02,4.995159606933593750e+02,5.998537597656250000e+02,6.998754882812500000e+02,8.004566040039062500e+02,9.002731933593750000e+02,1.000007690429687500e+03
9.948328399658203125e+01,1.007964553833007812e+02,9.991555023193359375e+01,9.984986114501953125e+01,9.924234771728515625e+01,1.005946502685546875e+02,9.964110565185546875e+01,9.925919342041015625e+01,1.000589065551757812e+02,9.973324584960937500e+01,1.007964553833007812e+02,1.995281372070312500e+02,1.997985076904296875e+02,1.995511016845703125e+02,1.999122467041015625e+02,2.007665557861328125e+02,2.013060455322265625e+02,2.006636657714843750e+02,1.994522705078125000e+02,2.001719360351562500e+02,9.991555023193359375e+01,1.997985076904296875e+02,2.984170227050781250e+02,3.005293273925781250e+02,3.002848205566406250e+02,2.988779296875000000e+02,3.006141967773437500e+02,3.000131530761718750e+02,3.008191833496093750e+02,3.000765075683593750e+02,9.984986114501953125e+01,1.995511016845703125e+02,3.005293273925781250e+02,3.999802856445312500e+02,4.003475646972656250e+02,4.002957458496093750e+02,4.000883789062500000e+02,3.995473937988281250e+02,3.997477416992187500e+02,3.997374267578125000e+02,9.924234771728515625e+01,1.999122467041015625e+02,3.002848205566406250e+02,4.003475646972656250e+02,5.014991149902343750e+02,5.001667175292968750e+02,4.998020935058593750e+02,4.999298706054687500e+02,5.003757629394531250e+02,4.996195983886718750e+02,1.005946502685546875e+02,2.007665557861328125e+02,2.988779296875000000e+02,4.002957458496093750e+02,5.001667175292968750e+02,6.002839355468750000e+02,5.998636474609375000e+02,6.002055664062500000e+02,6.005066528320312500e+02,6.002720947265625000e+02,9.964110565185546875e+01,2.013060455322265625e+02,3.006141967773437500e+02,4.000883789062500000e+02,4.998020935058593750e+02,5.998636474609375000e+02,6.995312500000000000e+02,7.004384765625000000e+02,7.003424072265625000e+02,7.003685913085937500e+02,9.925919342041015625e+01,2.006636657714843750e+02,3.000131530761718750e+02,3.995473937988281250e+02,4.999298706054687500e+02,6.002055664062500000e+02,7.004384765625000000e+02,8.004947509765625000e+02,8.005386962890625000e+02,8.002338867187500000e+02,1.000589065551757812e+02,1.994522705078125000e+02,3.008191833496093750e+02,3.997477416992187500e+02,5.003757629394531250e+02,6.005066528320312500e+02,7.003424072265625000e+02,8.005386962890625000e+02,8.999995117187500000e+02,8.998931884765625000e+02,9.973324584960937500e+01,2.001719360351562500e+02,3.000765075683593750e+02,3.997374267578125000e+02,4.996195983886718750e+02,6.002720947265625000e+02,7.003685913085937500e+02,8.002338867187500000e+02,8.998931884765625000e+02,1.000959655761718750e+03
9.944923400878906250e+01,1.004173278808593750e+02,9.942552947998046875e+01,9.891302490234375000e+01,9.966491699218750000e+01,9.967556762695312500e+01,1.009774169921875000e+02,1.005568771362304688e+02,1.000904846191406250e+02,9.915119171142578125e+01,1.004173278808593750e+02,2.008189239501953125e+02,2.000845336914062500e+02,1.995592193603515625e+02,1.994907836914062500e+02,2.004900512695312500e+02,1.995090789794921875e+02,2.002135314941406250e+02,1.997149963378906250e+02,1.989858245849609375e+02,9.942552947998046875e+01,2.000845336914062500e+02,3.007432556152343750e+02,3.000876159667968750e+02,3.002219848632812500e+02,2.991200561523437500e+02,3.002783813476562500e+02,2.999496154785156250e+02,2.998999023437500000e+02,2.997105407714843750e+02,9.891302490234375000e+01,1.995592193603515625e+02,3.000876159667968750e+02,4.004112548828125000e+02,4.005354003906250000e+02,4.004842529296875000e+02,4.003596496582031250e+02,4.001310729980468750e+02,4.001108093261718750e+02,4.004275817871093750e+02,9.966491699218750000e+01,1.994907836914062500e+02,3.002219848632812500e+02,4.005354003906250000e+02,5.002520141601562500e+02,5.001051025390625000e+02,5.002405090332031250e+02,5.001039733886718750e+02,5.010370483398437500e+02,4.998411560058593750e+02,9.967556762695312500e+01,2.004900512695312500e+02,2.991200561523437500e+02,4.004842529296875000e+02,5.001051025390625000e+02,6.012257080078125000e+02,6.002296142578125000e+02,6.000775756835937500e+02,6.000978393554687500e+02,5.998032836914062500e+02,1.009774169921875000e+02,1.995090789794921875e+02,3.002783813476562500e+02,4.003596496582031250e+02,5.002405090332031250e+02,6.002296142578125000e+02,7.002530517578125000e+02,6.989445190429687500e+02,7.000021362304687500e+02,6.992683715820312500e+02,1.005568771362304688e+02,2.002135314941406250e+02,2.999496154785156250e+02,4.001310729980468750e+02,5.001039733886718750e+02,6.000775756835937500e+02,6.989445190429687500e+02,8.008382568359375000e+02,7.991435546875000000e+02,7.995378417968750000e+02,1.000904846191406250e+02,1.997149963378906250e+02,2.998999023437500000e+02,4.001108093261718750e+02,5.010370483398437500e+02,6.000978393554687500e+02,7.000021362304687500e+02,7.991435546875000000e+02,9.004334106445312500e+02,8.993236083984375000e+02,9.915119171142578125e+01,1.989858245849609375e+02,2.997105407714843750e+02,4.004275817871093750e+02,4.998411560058593750e+02,5.998032836914062500e+02,6.992683715820312500e+02,7.995378417968750000e+02,8.993236083984375000e+02,9.991727905273437500e+02
1.000305023193359375e+02,1.008866806030273438e+02,1.003467330932617188e+02,9.927562713623046875e+01,9.963722991943359375e+01,9.985157012939453125e+01,1.002477798461914062e+02,1.006828842163085938e+02,1.001338729858398438e+02,9.920302581787109375e+01,1.008866806030273438e+02,1.998262786865234375e+02,2.003603363037109375e+02,1.994695739746093750e+02,2.004075775146484375e+02,1.992622070312500000e+02,1.996966247558593750e+02,1.999102325439453125e+02,1.992991638183593750e+02,2.003314819335937500e+02,1.003467330932617188e+02,2.003603363037109375e+02,2.996695861816406250e+02,2.998478088378906250e+02,2.997264709472656250e+02,2.999950866699218750e+02,3.001487426757812500e+02,2.995014038085937500e+02,2.994587707519531250e+02,3.007705078125000000e+02,9.927562713623046875e+01,1.994695739746093750e+02,2.998478088378906250e+02,3.995209960937500000e+02,3.997394714355468750e+02,3.995653991699218750e+02,4.005798950195312500e+02,4.002435913085937500e+02,3.989940185546875000e+02,4.010238037109375000e+02,9.963722991943359375e+01,2.004075775146484375e+02,2.997264709472656250e+02,3.997394714355468750e+02,4.994819030761718750e+02,5.006345520019531250e+02,4.996919250488281250e+02,4.998086547851562500e+02,5.008011474609375000e+02,5.000463562011718750e+02,9.985157012939453125e+01,1.992622070312500000e+02,2.999950866699218750e+02,3.995653991699218750e+02,5.006345520019531250e+02,5.997300415039062500e+02,5.999091796875000000e+02,5.998692626953125000e+02,6.002149047851562500e+02,6.006084594726562500e+02,1.002477798461914062e+02,1.996966247558593750e+02,3.001487426757812500e+02,4.005798950195312500e+02,4.996919250488281250e+02,5.999091796875000000e+02,7.003606567382812500e+02,7.003624267578125000e+02,7.007287597656250000e+02,6.998835449218750000e+02,1.006828842163085938e+02,1.999102325439453125e+02,2.995014038085937500e+02,4.002435913085937500e+02,4.998086547851562500e+02,5.998692626953125000e+02,7.003624267578125000e+02,8.009204101562500000e+02,8.002357177734375000e+02,7.991854248046875000e+02,1.001338729858398438e+02,1.992991638183593750e+02,2.994587707519531250e+02,3.989940185546875000e+02,5.008011474609375000e+02,6.002149047851562500e+02,7.007287597656250000e+02,8.002357177734375000e+02,9.007423095703125000e+02,8.990612182617187500e+02,9.920302581787109375e+01,2.003314819335937500e+02,3.007705078125000000e+02,4.010238037109375000e+02,5.000463562011718750e+02,6.006084594726562500e+02,6.998835449218750000e+02,7.991854248046875000e+02,8.990612182617187500e+02,9.992572021484375000e+02
1.001603012084960938e+02,9.914344787597656250e+01,1.002433776855468750e+02,9.974333190917968750e+01,1.001810607910156250e+02,9.959107971191406250e+01,1.006322784423828125e+02,9.977111053466796875e+01,9.957733154296875000e+01,1.000516204833984375e+02,9.914344787597656250e+01,2.007266845703125000e+02,1.989316711425781250e+02,1.989365539550781250e+02,1.995773925781250000e+02,1.997602844238281250e+02,2.007923278808593750e+02,2.004029083251953125e+02,1.998663787841796875e+02,2.005235290527343750e+02,1.002433776855468750e+02,1.989316711425781250e+02,2.997536010742187500e+02,3.009022827148437500e+02,2.999323425292968750e+02,3.011922302246093750e+02,3.003910827636718750e+02,3.001433715820312500e+02,2.999815979003906250e+02,3.008637695312500000e+02,9.974333190917968750e+01,1.989365539550781250e+02,3.009022827148437500e+02,4.000183715820312500e+02,4.001089782714843750e+02,4.000440673828125000e+02,4.004058227539062500e+02,3.997884521484375000e+02,3.998983154296875000e+02,4.002130126953125000e+02,1.001810607910156250e+02,1.995773925781250000e+02,2.999323425292968750e+02,4.001089782714843750e+02,5.001097106933593750e+02,4.994609069824218750e+02,4.998737182617187500e+02,5.007130126953125000e+02,4.998424072265625000e+02,4.998945007324218750e+02,9.959107971191406250e+01,1.997602844238281250e+02,3.011922302246093750e+02,4.000440673828125000e+02,4.994609069824218750e+02,6.003953857421875000e+02,6.003738403320312500e+02,5.990971069335937500e+02,6.002003784179687500e+02,6.001931152343750000e+02,1.006322784423828125e+02,2.007923278808593750e+02,3.003910827636718750e+02,4.004058227539062500e+02,4.998737182617187500e+02,6.003738403320312500e+02,6.999195556640625000e+02,7.007065429687500000e+02,7.001781616210937500e+02,6.992473144531250000e+02,9.977111053466796875e+01,2.004029083251953125e+02,3.001433715820312500e+02,3.997884521484375000e+02,5.007130126953125000e+02,5.990971069335937500e+02,7.007065429687500000e+02,8.002602539062500000e+02,8.002745361328125000e+02,7.992042846679687500e+02,9.957733154296875000e+01,1.998663787841796875e+02,2.999815979003906250e+02,3.998983154296875000e+02,4.998424072265625000e+02,6.002003784179687500e+02,7.001781616210937500e+02,8.002745361328125000e+02,9.003266601562500000e+02,8.995407714843750000e+02,1.000516204833984375e+02,2.005235290527343750e+02,3.008637695312500000e+02,4.002130126953125000e+02,4.998945007324218750e+02,6.001931152343750000e+02,6.992473144531250000e+02,7.992042846679687500e+02,8.995407714843750000e+02,1.000651062011718750e+03
9.928726196289062500e+01,1.009177322387695312e+02,1.004914779663085938e+02,9.945842742919921875e+01,9.950708770751953125e+01,9.948590087890625000e+01,9.976628875732421875e+01,1.009883956909179688e+02,1.010464553833007812e+02,1.003419799804687500e+02,1.009177322387695312e+02,2.009107513427734375e+02,1.998645935058593750e+02,2.008171691894531250e+02,1.991407165527343750e+02,2.005398101806640625e+02,1.988049926757812500e+02,2.003948822021484375e+02,2.004133911132812500e+02,1.995399780273437500e+02,1.004914779663085938e+02,1.998645935058593750e+02,3.007221679687500000e+02,2.998956604003906250e+02,2.993964843750000000e+02,3.004102172851562500e+02,3.008389282226562500e+02,3.000632934570312500e+02,3.001997375488281250e+02,3.004084167480468750e+02,9.945842742919921875e+01,2.008171691894531250e+02,2.998956604003906250e+02,3.995446777343750000e+02,4.004129943847656250e+02,3.993349609375000000e+02,4.009132690429687500e+02,4.002018127441406250e+02,3.999087219238281250e+02,3.999860534667968750e+02,9.950708770751953125e+01,1.991407165527343750e+02,2.993964843750000000e+02,4.004129943847656250e+02,4.992456970214843750e+02,5.006919860839843750e+02,5.000776367187500000e+02,5.002355041503906250e+02,4.991861572265625000e+02,5.003768920898437500e+02,9.948590087890625000e+01,2.005398101806640625e+02,3.004102172851562500e+02,3.993349609375000000e+02,5.006919860839843750e+02,5.998220214843750000e+02,6.003498535156250000e+02,6.002492675781250000e+02,5.997049560546875000e+02,5.995861206054687500e+02,9.976628875732421875e+01,1.988049926757812500e+02,3.008389282226562500e+02,4.009132690429687500e+02,5.000776367187500000e+02,6.003498535156250000e+02,7.001736450195312500e+02,6.992911376953125000e+02,6.992335815429687500e+02,6.989932250976562500e+02,1.009883956909179688e+02,2.003948822021484375e+02,3.000632934570312500e+02,4.002018127441406250e+02,5.002355041503906250e+02,6.002492675781250000e+02,6.992911376953125000e+02,7.987154541015625000e+02,8.001796875000000000e+02,7.997048950195312500e+02,1.010464553833007812e+02,2.004133911132812500e+02,3.001997375488281250e+02,3.999087219238281250e+02,4.991861572265625000e+02,5.997049560546875000e+02,6.992335815429687500e+02,8.001796875000000000e+02,8.996039428710937500e+02,9.009479980468750000e+02,1.003419799804687500e+02,1.995399780273437500e+02,3.004084167480468750e+02,3.999860534667968750e+02,5.003768920898437500e+02,5.995861206054687500e+02,6.989932250976562500e+02,7.997048950195312500e+02,9.009479980468750000e+02,1.000172973632812500e+03
9.993136596679687500e+01,9.937872314453125000e+01,1.010948791503906250e+02,9.923677062988281250e+01,9.983676910400390625e+01,9.999335479736328125e+01,1.000577011108398438e+02,1.005469207763671875e+02,9.977299499511718750e+01,1.005376510620117188e+02,9.937872314453125000e+01,2.001388244628906250e+02,1.995865936279296875e+02,2.004891815185546875e+02,1.997973175048828125e+02,2.002525939941406250e+02,2.000338592529296875e+02,2.005730285644531250e+02,1.996253356933593750e+02,2.009293518066406250e+02,1.010948791503906250e+02,1.995865936279296875e+02,2.989415283203125000e+02,2.999272460937500000e+02,2.999348449707031250e+02,2.995184326171875000e+02,3.012175292968750000e+02,2.995957031250000000e+02,2.995026550292968750e+02,2.993560791015625000e+02,9.923677062988281250e+01,2.004891815185546875e+02,2.999272460937500000e+02,3.995668945312500000e+02,4.001053161621093750e+02,4.000982360839843750e+02,3.994520874023437500e+02,4.006512756347656250e+02,3.993992004394531250e+02,4.001770935058593750e+02,9.983676910400390625e+01,1.997973175048828125e+02,2.999348449707031250e+02,4.001053161621093750e+02,4.997003173828125000e+02,4.991930541992187500e+02,5.009579772949218750e+02,5.000527648925781250e+02,4.997375793457031250e+02,4.997401733398437500e+02,9.999335479736328125e+01,2.002525939941406250e+02,2.995184326171875000e+02,4.000982360839843750e+02,4.991930541992187500e+02,6.002507324218750000e+02,6.002379150390625000e+02,5.998678588867187500e+02,6.007617187500000000e+02,5.994458007812500000e+02,1.000577011108398438e+02,2.000338592529296875e+02,3.012175292968750000e+02,3.994520874023437500e+02,5.009579772949218750e+02,6.002379150390625000e+02,7.008831176757812500e+02,6.995472412109375000e+02,6.996026611328125000e+02,7.006785888671875000e+02,1.005469207763671875e+02,2.005730285644531250e+02,2.995957031250000000e+02,4.006512756347656250e+02,5.000527648925781250e+02,5.998678588867187500e+02,6.995472412109375000e+02,7.994803466796875000e+02,8.002705688476562500e+02,7.993399658203125000e+02,9.977299499511718750e+01,1.996253356933593750e+02,2.995026550292968750e+02,3.993992004394531250e+02,4.997375793457031250e+02,6.007617187500000000e+02,6.996026611328125000e+02,8.002705688476562500e+02,9.003681030273437500e+02,9.000743408203125000e+02,1.005376510620117188e+02,2.009293518066406250e+02,2.993560791015625000e+02,4.001770935058593750e+02,4.997401733398437500e+02,5.994458007812500000e+02,7.006785888671875000e+02,7.993399658203125000e+02,9.000743408203125000e+02,9.989655761718750000e+02
9.956148529052734375e+01,9.985180664062500000e+01,9.998069000244140625e+01,9.974408721923828125e+01,9.959766387939453125e+01,1.001503219604492188e+02,9.967442321777343750e+01,9.973465728759765625e+01,1.004557647705078125e+02,1.000589828491210938e+02,9.985180664062500000e+01,2.000474243164062500e+02,1.998781127929687500e+02,2.003239746093750000e+02,2.004578094482421875e+02,2.004897613525390625e+02,1.998698883056640625e+02,2.005152282714843750e+02,1.997717132568359375e+02,2.008501434326171875e+02,9.998069000244140625e+01,1.998781127929687500e+02,3.018784484863281250e+02,2.998682861328125000e+02,2.996521606445312500e+02,2.991849060058593750e+02,3.000436401367187500e+02,2.999749145507812500e+02,3.007809753417968750e+02,3.004449462890625000e+02,9.974408721923828125e+01,2.003239746093750000e+02,2.998682861328125000e+02,4.000317993164062500e+02,3.999248352050781250e+02,4.001145629882812500e+02,3.998540954589843750e+02,4.001855773925781250e+02,4.004183044433593750e+02,4.001470336914062500e+02,9.959766387939453125e+01,2.004578094482421875e+02,2.996521606445312500e+02,3.999248352050781250e+02,5.000384826660156250e+02,5.005904541015625000e+02,5.002596740722656250e+02,5.005651855468750000e+02,5.007280883789062500e+02,5.005932006835937500e+02,1.001503219604492188e+02,2.004897613525390625e+02,2.991849060058593750e+02,4.001145629882812500e+02,5.005904541015625000e+02,5.998581542968750000e+02,6.004334106445312500e+02,5.998761596679687500e+02,5.994515380859375000e+02,5.999343261718750000e+02,9.967442321777343750e+01,1.998698883056640625e+02,3.000436401367187500e+02,3.998540954589843750e+02,5.002596740722656250e+02,6.004334106445312500e+02,7.001411743164062500e+02,6.999160766601562500e+02,7.009059448242187500e+02,6.996187133789062500e+02,9.973465728759765625e+01,2.005152282714843750e+02,2.999749145507812500e+02,4.001855773925781250e+02,5.005651855468750000e+02,5.998761596679687500e+02,6.999160766601562500e+02,7.990691528320312500e+02,8.001769409179687500e+02,8.003468017578125000e+02,1.004557647705078125e+02,1.997717132568359375e+02,3.007809753417968750e+02,4.004183044433593750e+02,5.007280883789062500e+02,5.994515380859375000e+02,7.009059448242187500e+02,8.001769409179687500e+02,8.994718627929687500e+02,8.998350219726562500e+02,1.000589828491210938e+02,2.008501434326171875e+02,3.004449462890625000e+02,4.001470336914062500e+02,5.005932006835937500e+02,5.999343261718750000e+02,6.996187133789062500e+02,8.003468017578125000e+02,8.998350219726562500e+02,9.983461303710937500e+02
1.000998153686523438e+02,1.011892547607421875e+02,9.957733154296875000e+01,1.005937271118164062e+02,1.000053253173828125e+02,9.976425933837890625e+01,1.006443786621093750e+02,9.919498443603515625e+01,9.922523498535156250e+01,1.004742507934570312e+02,1.011892547607421875e+02,2.001089935302734375e+02,2.003096923828125000e+02,2.000243530273437500e+02,1.993334197998046875e+02,2.006837158203125000e+02,1.997854461669921875e+02,1.995674743652343750e+02,1.999456787109375000e+02,2.008519744873046875e+02,9.957733154296875000e+01,2.003096923828125000e+02,3.009760742187500000e+02,3.003669433593750000e+02,2.997010803222656250e+02,3.001419372558593750e+02,3.002891235351562500e+02,3.010431823730468750e+02,2.993962402343750000e+02,2.995743713378906250e+02,1.005937271118164062e+02,2.000243530273437500e+02,3.003669433593750000e+02,3.994564819335937500e+02,3.999112243652343750e+02,3.998279113769531250e+02,3.995194091796875000e+02,3.994684753417968750e+02,3.996471252441406250e+02,4.000712890625000000e+02,1.000053253173828125e+02,1.993334197998046875e+02,2.997010803222656250e+02,3.999112243652343750e+02,4.996867065429687500e+02,5.000708923339843750e+02,4.997087097167968750e+02,5.001236877441406250e+02,4.999640197753906250e+02,5.001824645996093750e+02,9.976425933837890625e+01,2.006837158203125000e+02,3.001419372558593750e+02,3.998279113769531250e+02,5.000708923339843750e+02,6.004704589843750000e+02,5.991306762695312500e+02,5.994407958984375000e+02,6.007565917968750000e+02,6.005926513671875000e+02,1.006443786621093750e+02,1.997854461669921875e+02,3.002891235351562500e+02,3.995194091796875000e+02,4.997087097167968750e+02,5.991306762695312500e+02,6.989503784179687500e+02,6.997303466796875000e+02,7.005640869140625000e+02,6.999190063476562500e+02,9.919498443603515625e+01,1.995674743652343750e+02,3.010431823730468750e+02,3.994684753417968750e+02,5.001236877441406250e+02,5.994407958984375000e+02,6.997303466796875000e+02,8.019764404296875000e+02,8.000661010742187500e+02,8.003602294921875000e+02,9.922523498535156250e+01,1.999456787109375000e+02,2.993962402343750000e+02,3.996471252441406250e+02,4.999640197753906250e+02,6.007565917968750000e+02,7.005640869140625000e+02,8.000661010742187500e+02,8.998321533203125000e+02,9.000987548828125000e+02,1.004742507934570312e+02,2.008519744873046875e+02,2.995743713378906250e+02,4.000712890625000000e+02,5.001824645996093750e+02,6.005926513671875000e+02,6.999190063476562500e+02,8.003602294921875000e+02,9.000987548828125000e+02,1.000685302734375000e+03
9.984785461425781250e+01,9.950927734375000000e+01,9.970984649658203125e+01,1.010167083740234375e+02,1.000822219848632812e+02,1.000908050537109375e+02,9.944735717773437500e+01,1.000935287475585938e+02,1.000567474365234375e+02,1.000193634033203125e+02,9.950927734375000000e+01,1.997691955566406250e+02,1.997102203369140625e+02,1.999113922119140625e+02,2.003848114013671875e+02,1.992772674560546875e+02,1.995414123535156250e+02,1.998225402832031250e+02,1.999257049560546875e+02,1.997690582275390625e+02,9.970984649658203125e+01,1.997102203369140625e+02,3.003506164550781250e+02,3.001157836914062500e+02,3.005142822265625000e+02,3.002253723144531250e+02,3.001517333984375000e+02,2.999648132324218750e+02,3.001697998046875000e+02,3.001293945312500000e+02,1.010167083740234375e+02,1.999113922119140625e+02,3.001157836914062500e+02,3.997561645507812500e+02,3.999231872558593750e+02,3.993363647460937500e+02,4.000251770019531250e+02,3.996935729980468750e+02,4.001130371093750000e+02,4.008610839843750000e+02,1.000822219848632812e+02,2.003848114013671875e+02,3.005142822265625000e+02,3.999231872558593750e+02,4.994978942871093750e+02,4.999667968750000000e+02,4.990944213867187500e+02,4.999698181152343750e+02,5.004609680175781250e+02,5.006137695312500000e+02,1.000908050537109375e+02,1.992772674560546875e+02,3.002253723144531250e+02,3.993363647460937500e+02,4.999667968750000000e+02,6.001925048828125000e+02,6.000143432617187500e+02,6.003295898437500000e+02,5.995513305664062500e+02,5.994954833984375000e+02,9.944735717773437500e+01,1.995414123535156250e+02,3.001517333984375000e+02,4.000251770019531250e+02,4.990944213867187500e+02,6.000143432617187500e+02,7.005485229492187500e+02,6.995296630859375000e+02,7.001513671875000000e+02,6.994877929687500000e+02,1.000935287475585938e+02,1.998225402832031250e+02,2.999648132324218750e+02,3.996935729980468750e+02,4.999698181152343750e+02,6.003295898437500000e+02,6.995296630859375000e+02,7.993616943359375000e+02,7.998370971679687500e+02,7.987386474609375000e+02,1.000567474365234375e+02,1.999257049560546875e+02,3.001697998046875000e+02,4.001130371093750000e+02,5.004609680175781250e+02,5.995513305664062500e+02,7.001513671875000000e+02,7.998370971679687500e+02,8.991013793945312500e+02,9.001597290039062500e+02,1.000193634033203125e+02,1.997690582275390625e+02,3.001293945312500000e+02,4.008610839843750000e+02,5.006137695312500000e+02,5.994954833984375000e+02,6.994877929687500000e+02,7.987386474609375000e+02,9.001597290039062500e+02,9.999157714843750000e+02
1.003102188110351562e+02,9.905621337890625000e+01,1.000660400390625000e+02,9.998663330078125000e+01,1.007963180541992188e+02,1.004372482299804688e+02,1.002351379394531250e+02,1.000870971679687500e+02,9.969580841064453125e+01,9.975286102294921875e+01,9.905621337890625000e+01,1.991548614501953125e+02,2.011480102539062500e+02,1.995530242919921875e+02,1.994561309814453125e+02,1.998022003173828125e+02,1.989750518798828125e+02,2.002082214355468750e+02,2.004695129394531250e+02,1.992999267578125000e+02,1.000660400390625000e+02,2.011480102539062500e+02,2.996676635742187500e+02,2.999115600585937500e+02,3.005401306152343750e+02,3.005833435058593750e+02,3.002854003906250000e+02,2.993265991210937500e+02,2.996184692382812500e+02,2.994974975585937500e+02,9.998663330078125000e+01,1.995530242919921875e+02,2.999115600585937500e+02,4.002290649414062500e+02,4.004617614746093750e+02,4.000293273925781250e+02,4.008016662597656250e+02,4.001108398437500000e+02,3.996724548339843750e+02,3.995884399414062500e+02,1.007963180541992188e+02,1.994561309814453125e+02,3.005401306152343750e+02,4.004617614746093750e+02,4.990032043457031250e+02,5.000910034179687500e+02,4.999829406738281250e+02,5.005299682617187500e+02,5.007425231933593750e+02,4.989318237304687500e+02,1.004372482299804688e+02,1.998022003173828125e+02,3.005833435058593750e+02,4.000293273925781250e+02,5.000910034179687500e+02,6.000560302734375000e+02,6.001714477539062500e+02,6.002982177734375000e+02,5.998594360351562500e+02,5.997582397460937500e+02,1.002351379394531250e+02,1.989750518798828125e+02,3.002854003906250000e+02,4.008016662597656250e+02,4.999829406738281250e+02,6.001714477539062500e+02,7.010634155273437500e+02,7.003152465820312500e+02,6.993329467773437500e+02,6.991055908203125000e+02,1.000870971679687500e+02,2.002082214355468750e+02,2.993265991210937500e+02,4.001108398437500000e+02,5.005299682617187500e+02,6.002982177734375000e+02,7.003152465820312500e+02,8.011628417968750000e+02,8.009022216796875000e+02,8.000396118164062500e+02,9.969580841064453125e+01,2.004695129394531250e+02,2.996184692382812500e+02,3.996724548339843750e+02,5.007425231933593750e+02,5.998594360351562500e+02,6.993329467773437500e+02,8.009022216796875000e+02,9.017850341796875000e+02,9.006582641601562500e+02,9.975286102294921875e+01,1.992999267578125000e+02,2.994974975585937500e+02,3.995884399414062500e+02,4.989318237304687500e+02,5.997582397460937500e+02,6.991055908203125000e+02,8.000396118164062500e+02,9.006582641601562500e+02,9.997192382812500000e+02
1.011294403076171875e+02,1.001828994750976562e+02,9.999895477294921875e+01,9.992293548583984375e+01,9.997150421142578125e+01,1.005795898437500000e+02,1.007292251586914062e+02,1.004529800415039062e+02,9.982448577880859375e+01,1.002797851562500000e+02,1.001828994750976562e+02,2.012041473388671875e+02,1.993152008056640625e+02,2.006582183837890625e+02,2.013845214843750000e+02,1.992496795654296875e+02,1.996057586669921875e+02,1.995010223388671875e+02,2.001762390136718750e+02,2.002440643310546875e+02,9.999895477294921875e+01,1.993152008056640625e+02,2.999584350585937500e+02,2.996838073730468750e+02,2.999625549316406250e+02,3.006517639160156250e+02,2.989525146484375000e+02,3.001847839355468750e+02,2.995754699707031250e+02,3.000618286132812500e+02,9.992293548583984375e+01,2.006582183837890625e+02,2.996838073730468750e+02,4.004952697753906250e+02,4.000765075683593750e+02,3.996919555664062500e+02,3.997752075195312500e+02,3.997316284179687500e+02,4.005147094726562500e+02,4.007156372070312500e+02,9.997150421142578125e+01,2.013845214843750000e+02,2.999625549316406250e+02,4.000765075683593750e+02,5.004797973632812500e+02,5.007473144531250000e+02,4.997477111816406250e+02,5.005629882812500000e+02,4.995611267089843750e+02,4.994911193847656250e+02,1.005795898437500000e+02,1.992496795654296875e+02,3.006517639160156250e+02,3.996919555664062500e+02,5.007473144531250000e+02,5.999239501953125000e+02,6.009116210937500000e+02,5.997138671875000000e+02,5.998317871093750000e+02,6.007955322265625000e+02,1.007292251586914062e+02,1.996057586669921875e+02,2.989525146484375000e+02,3.997752075195312500e+02,4.997477111816406250e+02,6.009116210937500000e+02,6.994038085937500000e+02,6.996323852539062500e+02,7.004962158203125000e+02,6.999109497070312500e+02,1.004529800415039062e+02,1.995010223388671875e+02,3.001847839355468750e+02,3.997316284179687500e+02,5.005629882812500000e+02,5.997138671875000000e+02,6.996323852539062500e+02,8.007608032226562500e+02,8.003208007812500000e+02,7.999846191406250000e+02,9.982448577880859375e+01,2.001762390136718750e+02,2.995754699707031250e+02,4.005147094726562500e+02,4.995611267089843750e+02,5.998317871093750000e+02,7.004962158203125000e+02,8.003208007812500000e+02,9.001538696289062500e+02,9.006457519531250000e+02,1.002797851562500000e+02,2.002440643310546875e+02,3.000618286132812500e+02,4.007156372070312500e+02,4.994911193847656250e+02,6.007955322265625000e+02,6.999109497070312500e+02,7.999846191406250000e+02,9.006457519531250000e+02,1.000076354980468750e+03
